person:
0.3867540955543518 0.15939338505268097 0.9441379904747009 0.41689860820770264
0.20258022844791412 0.2075580656528473 0.7541937232017517 0.740082859992981
0.21782658994197845 0.1523171067237854 0.7500317096710205 0.7421321272850037
0.37030431628227234 0.17721319198608398 0.9397996068000793 0.4504815340042114
0.42661893367767334 0.15248459577560425 0.9704619646072388 0.41285574436187744
0.15178588032722473 0.153426393866539 0.7402682900428772 0.7910283207893372
0.16731570661067963 0.6111273169517517 0.3002985715866089 0.9048678278923035
0.17416316270828247 0.15944704413414001 0.8007158041000366 0.7781489491462708
0.2678036093711853 0.1437307745218277 0.9143273234367371 0.4166271388530731
0.184208944439888 0.131791889667511 0.8087166547775269 0.7512792348861694
0.15118566155433655 0.6153428554534912 0.28909891843795776 0.9019110202789307
0.1766764223575592 0.21211358904838562 0.7258042693138123 0.7428085803985596
0.14199884235858917 0.14707478880882263 0.7585548758506775 0.7488733530044556
0.19534489512443542 0.13889180123806 0.7106329202651978 0.7521506547927856
0.1645127385854721 0.6411798000335693 0.3034389615058899 0.9078508019447327
0.15157829225063324 0.6369622349739075 0.2914983034133911 0.9129445552825928
bicycle:
0.1645127385854721 0.6411798000335693 0.3034389615058899 0.9078508019447327
0.15118566155433655 0.6153428554534912 0.28909891843795776 0.9019110202789307
0.16731570661067963 0.6111273169517517 0.3002985715866089 0.9048678278923035
0.3867540955543518 0.15939338505268097 0.9441379904747009 0.41689860820770264
0.15157829225063324 0.6369622349739075 0.2914983034133911 0.9129445552825928
0.42661893367767334 0.15248459577560425 0.9704619646072388 0.41285574436187744
0.37030431628227234 0.17721319198608398 0.9397996068000793 0.4504815340042114
0.2678036093711853 0.1437307745218277 0.9143273234367371 0.4166271388530731
0.15178588032722473 0.153426393866539 0.7402682900428772 0.7910283207893372
0.17416316270828247 0.15944704413414001 0.8007158041000366 0.7781489491462708
0.14199884235858917 0.14707478880882263 0.7585548758506775 0.7488733530044556
0.19534489512443542 0.13889180123806 0.7106329202651978 0.7521506547927856
0.1766764223575592 0.21211358904838562 0.7258042693138123 0.7428085803985596
0.184208944439888 0.131791889667511 0.8087166547775269 0.7512792348861694
0.20258022844791412 0.2075580656528473 0.7541937232017517 0.740082859992981
0.21782658994197845 0.1523171067237854 0.7500317096710205 0.7421321272850037
car:
0.3867540955543518 0.15939338505268097 0.9441379904747009 0.41689860820770264
0.37030431628227234 0.17721319198608398 0.9397996068000793 0.4504815340042114
0.42661893367767334 0.15248459577560425 0.9704619646072388 0.41285574436187744
0.2678036093711853 0.1437307745218277 0.9143273234367371 0.4166271388530731
0.21782658994197845 0.1523171067237854 0.7500317096710205 0.7421321272850037
0.20258022844791412 0.2075580656528473 0.7541937232017517 0.740082859992981
0.19534489512443542 0.13889180123806 0.7106329202651978 0.7521506547927856
0.184208944439888 0.131791889667511 0.8087166547775269 0.7512792348861694
0.14199884235858917 0.14707478880882263 0.7585548758506775 0.7488733530044556
0.17416316270828247 0.15944704413414001 0.8007158041000366 0.7781489491462708
0.1766764223575592 0.21211358904838562 0.7258042693138123 0.7428085803985596
0.15178588032722473 0.153426393866539 0.7402682900428772 0.7910283207893372
0.16731570661067963 0.6111273169517517 0.3002985715866089 0.9048678278923035
0.1645127385854721 0.6411798000335693 0.3034389615058899 0.9078508019447327
0.15118566155433655 0.6153428554534912 0.28909891843795776 0.9019110202789307
0.15157829225063324 0.6369622349739075 0.2914983034133911 0.9129445552825928
motorbike:
0.3867540955543518 0.15939338505268097 0.9441379904747009 0.41689860820770264
0.20258022844791412 0.2075580656528473 0.7541937232017517 0.740082859992981
0.17416316270828247 0.15944704413414001 0.8007158041000366 0.7781489491462708
0.15118566155433655 0.6153428554534912 0.28909891843795776 0.9019110202789307
0.42661893367767334 0.15248459577560425 0.9704619646072388 0.41285574436187744
0.37030431628227234 0.17721319198608398 0.9397996068000793 0.4504815340042114
0.21782658994197845 0.1523171067237854 0.7500317096710205 0.7421321272850037
0.16731570661067963 0.6111273169517517 0.3002985715866089 0.9048678278923035
0.184208944439888 0.131791889667511 0.8087166547775269 0.7512792348861694
0.1645127385854721 0.6411798000335693 0.3034389615058899 0.9078508019447327
0.15178588032722473 0.153426393866539 0.7402682900428772 0.7910283207893372
0.15157829225063324 0.6369622349739075 0.2914983034133911 0.9129445552825928
0.19534489512443542 0.13889180123806 0.7106329202651978 0.7521506547927856
0.1766764223575592 0.21211358904838562 0.7258042693138123 0.7428085803985596
0.14199884235858917 0.14707478880882263 0.7585548758506775 0.7488733530044556
0.2678036093711853 0.1437307745218277 0.9143273234367371 0.4166271388530731
aeroplane:
0.3867540955543518 0.15939338505268097 0.9441379904747009 0.41689860820770264
0.20258022844791412 0.2075580656528473 0.7541937232017517 0.740082859992981
0.37030431628227234 0.17721319198608398 0.9397996068000793 0.4504815340042114
0.21782658994197845 0.1523171067237854 0.7500317096710205 0.7421321272850037
0.42661893367767334 0.15248459577560425 0.9704619646072388 0.41285574436187744
0.17416316270828247 0.15944704413414001 0.8007158041000366 0.7781489491462708
0.1766764223575592 0.21211358904838562 0.7258042693138123 0.7428085803985596
0.184208944439888 0.131791889667511 0.8087166547775269 0.7512792348861694
0.19534489512443542 0.13889180123806 0.7106329202651978 0.7521506547927856
0.2678036093711853 0.1437307745218277 0.9143273234367371 0.4166271388530731
0.15178588032722473 0.153426393866539 0.7402682900428772 0.7910283207893372
0.14199884235858917 0.14707478880882263 0.7585548758506775 0.7488733530044556
0.15118566155433655 0.6153428554534912 0.28909891843795776 0.9019110202789307
0.15157829225063324 0.6369622349739075 0.2914983034133911 0.9129445552825928
0.1645127385854721 0.6411798000335693 0.3034389615058899 0.9078508019447327
0.16731570661067963 0.6111273169517517 0.3002985715866089 0.9048678278923035
bus:
0.3867540955543518 0.15939338505268097 0.9441379904747009 0.41689860820770264
0.37030431628227234 0.17721319198608398 0.9397996068000793 0.4504815340042114
0.42661893367767334 0.15248459577560425 0.9704619646072388 0.41285574436187744
0.21782658994197845 0.1523171067237854 0.7500317096710205 0.7421321272850037
0.2678036093711853 0.1437307745218277 0.9143273234367371 0.4166271388530731
0.20258022844791412 0.2075580656528473 0.7541937232017517 0.740082859992981
0.19534489512443542 0.13889180123806 0.7106329202651978 0.7521506547927856
0.17416316270828247 0.15944704413414001 0.8007158041000366 0.7781489491462708
0.184208944439888 0.131791889667511 0.8087166547775269 0.7512792348861694
0.1766764223575592 0.21211358904838562 0.7258042693138123 0.7428085803985596
0.14199884235858917 0.14707478880882263 0.7585548758506775 0.7488733530044556
0.15178588032722473 0.153426393866539 0.7402682900428772 0.7910283207893372
0.15118566155433655 0.6153428554534912 0.28909891843795776 0.9019110202789307
0.1645127385854721 0.6411798000335693 0.3034389615058899 0.9078508019447327
0.16731570661067963 0.6111273169517517 0.3002985715866089 0.9048678278923035
0.15157829225063324 0.6369622349739075 0.2914983034133911 0.9129445552825928
train:
0.3867540955543518 0.15939338505268097 0.9441379904747009 0.41689860820770264
0.37030431628227234 0.17721319198608398 0.9397996068000793 0.4504815340042114
0.42661893367767334 0.15248459577560425 0.9704619646072388 0.41285574436187744
0.2678036093711853 0.1437307745218277 0.9143273234367371 0.4166271388530731
0.20258022844791412 0.2075580656528473 0.7541937232017517 0.740082859992981
0.17416316270828247 0.15944704413414001 0.8007158041000366 0.7781489491462708
0.21782658994197845 0.1523171067237854 0.7500317096710205 0.7421321272850037
0.184208944439888 0.131791889667511 0.8087166547775269 0.7512792348861694
0.19534489512443542 0.13889180123806 0.7106329202651978 0.7521506547927856
0.1766764223575592 0.21211358904838562 0.7258042693138123 0.7428085803985596
0.15118566155433655 0.6153428554534912 0.28909891843795776 0.9019110202789307
0.14199884235858917 0.14707478880882263 0.7585548758506775 0.7488733530044556
0.15178588032722473 0.153426393866539 0.7402682900428772 0.7910283207893372
0.16731570661067963 0.6111273169517517 0.3002985715866089 0.9048678278923035
0.1645127385854721 0.6411798000335693 0.3034389615058899 0.9078508019447327
0.15157829225063324 0.6369622349739075 0.2914983034133911 0.9129445552825928
truck:
0.3867540955543518 0.15939338505268097 0.9441379904747009 0.41689860820770264
0.42661893367767334 0.15248459577560425 0.9704619646072388 0.41285574436187744
0.37030431628227234 0.17721319198608398 0.9397996068000793 0.4504815340042114
0.20258022844791412 0.2075580656528473 0.7541937232017517 0.740082859992981
0.184208944439888 0.131791889667511 0.8087166547775269 0.7512792348861694
0.17416316270828247 0.15944704413414001 0.8007158041000366 0.7781489491462708
0.21782658994197845 0.1523171067237854 0.7500317096710205 0.7421321272850037
0.19534489512443542 0.13889180123806 0.7106329202651978 0.7521506547927856
0.2678036093711853 0.1437307745218277 0.9143273234367371 0.4166271388530731
0.1766764223575592 0.21211358904838562 0.7258042693138123 0.7428085803985596
0.14199884235858917 0.14707478880882263 0.7585548758506775 0.7488733530044556
0.15178588032722473 0.153426393866539 0.7402682900428772 0.7910283207893372
0.1645127385854721 0.6411798000335693 0.3034389615058899 0.9078508019447327
0.16731570661067963 0.6111273169517517 0.3002985715866089 0.9048678278923035
0.15157829225063324 0.6369622349739075 0.2914983034133911 0.9129445552825928
0.15118566155433655 0.6153428554534912 0.28909891843795776 0.9019110202789307
boat:
0.3867540955543518 0.15939338505268097 0.9441379904747009 0.41689860820770264
0.42661893367767334 0.15248459577560425 0.9704619646072388 0.41285574436187744
0.37030431628227234 0.17721319198608398 0.9397996068000793 0.4504815340042114
0.1645127385854721 0.6411798000335693 0.3034389615058899 0.9078508019447327
0.15118566155433655 0.6153428554534912 0.28909891843795776 0.9019110202789307
0.16731570661067963 0.6111273169517517 0.3002985715866089 0.9048678278923035
0.15157829225063324 0.6369622349739075 0.2914983034133911 0.9129445552825928
0.20258022844791412 0.2075580656528473 0.7541937232017517 0.740082859992981
0.2678036093711853 0.1437307745218277 0.9143273234367371 0.4166271388530731
0.19534489512443542 0.13889180123806 0.7106329202651978 0.7521506547927856
0.1766764223575592 0.21211358904838562 0.7258042693138123 0.7428085803985596
0.21782658994197845 0.1523171067237854 0.7500317096710205 0.7421321272850037
0.15178588032722473 0.153426393866539 0.7402682900428772 0.7910283207893372
0.14199884235858917 0.14707478880882263 0.7585548758506775 0.7488733530044556
0.17416316270828247 0.15944704413414001 0.8007158041000366 0.7781489491462708
0.184208944439888 0.131791889667511 0.8087166547775269 0.7512792348861694
traffic light:
0.3867540955543518 0.15939338505268097 0.9441379904747009 0.41689860820770264
0.20258022844791412 0.2075580656528473 0.7541937232017517 0.740082859992981
0.17416316270828247 0.15944704413414001 0.8007158041000366 0.7781489491462708
0.21782658994197845 0.1523171067237854 0.7500317096710205 0.7421321272850037
0.184208944439888 0.131791889667511 0.8087166547775269 0.7512792348861694
0.37030431628227234 0.17721319198608398 0.9397996068000793 0.4504815340042114
0.19534489512443542 0.13889180123806 0.7106329202651978 0.7521506547927856
0.14199884235858917 0.14707478880882263 0.7585548758506775 0.7488733530044556
0.15178588032722473 0.153426393866539 0.7402682900428772 0.7910283207893372
0.1766764223575592 0.21211358904838562 0.7258042693138123 0.7428085803985596
0.42661893367767334 0.15248459577560425 0.9704619646072388 0.41285574436187744
0.2678036093711853 0.1437307745218277 0.9143273234367371 0.4166271388530731
0.15118566155433655 0.6153428554534912 0.28909891843795776 0.9019110202789307
0.15157829225063324 0.6369622349739075 0.2914983034133911 0.9129445552825928
0.16731570661067963 0.6111273169517517 0.3002985715866089 0.9048678278923035
0.1645127385854721 0.6411798000335693 0.3034389615058899 0.9078508019447327
fire hydrant:
0.3867540955543518 0.15939338505268097 0.9441379904747009 0.41689860820770264
0.17416316270828247 0.15944704413414001 0.8007158041000366 0.7781489491462708
0.184208944439888 0.131791889667511 0.8087166547775269 0.7512792348861694
0.37030431628227234 0.17721319198608398 0.9397996068000793 0.4504815340042114
0.42661893367767334 0.15248459577560425 0.9704619646072388 0.41285574436187744
0.14199884235858917 0.14707478880882263 0.7585548758506775 0.7488733530044556
0.15178588032722473 0.153426393866539 0.7402682900428772 0.7910283207893372
0.20258022844791412 0.2075580656528473 0.7541937232017517 0.740082859992981
0.21782658994197845 0.1523171067237854 0.7500317096710205 0.7421321272850037
0.2678036093711853 0.1437307745218277 0.9143273234367371 0.4166271388530731
0.16731570661067963 0.6111273169517517 0.3002985715866089 0.9048678278923035
0.19534489512443542 0.13889180123806 0.7106329202651978 0.7521506547927856
0.1645127385854721 0.6411798000335693 0.3034389615058899 0.9078508019447327
0.15118566155433655 0.6153428554534912 0.28909891843795776 0.9019110202789307
0.15157829225063324 0.6369622349739075 0.2914983034133911 0.9129445552825928
0.1766764223575592 0.21211358904838562 0.7258042693138123 0.7428085803985596
stop sign:
0.3867540955543518 0.15939338505268097 0.9441379904747009 0.41689860820770264
0.17416316270828247 0.15944704413414001 0.8007158041000366 0.7781489491462708
0.184208944439888 0.131791889667511 0.8087166547775269 0.7512792348861694
0.14199884235858917 0.14707478880882263 0.7585548758506775 0.7488733530044556
0.20258022844791412 0.2075580656528473 0.7541937232017517 0.740082859992981
0.37030431628227234 0.17721319198608398 0.9397996068000793 0.4504815340042114
0.42661893367767334 0.15248459577560425 0.9704619646072388 0.41285574436187744
0.15178588032722473 0.153426393866539 0.7402682900428772 0.7910283207893372
0.21782658994197845 0.1523171067237854 0.7500317096710205 0.7421321272850037
0.19534489512443542 0.13889180123806 0.7106329202651978 0.7521506547927856
0.2678036093711853 0.1437307745218277 0.9143273234367371 0.4166271388530731
0.1766764223575592 0.21211358904838562 0.7258042693138123 0.7428085803985596
0.15118566155433655 0.6153428554534912 0.28909891843795776 0.9019110202789307
0.15157829225063324 0.6369622349739075 0.2914983034133911 0.9129445552825928
0.1645127385854721 0.6411798000335693 0.3034389615058899 0.9078508019447327
0.16731570661067963 0.6111273169517517 0.3002985715866089 0.9048678278923035
parking meter:
0.3867540955543518 0.15939338505268097 0.9441379904747009 0.41689860820770264
0.20258022844791412 0.2075580656528473 0.7541937232017517 0.740082859992981
0.17416316270828247 0.15944704413414001 0.8007158041000366 0.7781489491462708
0.184208944439888 0.131791889667511 0.8087166547775269 0.7512792348861694
0.37030431628227234 0.17721319198608398 0.9397996068000793 0.4504815340042114
0.21782658994197845 0.1523171067237854 0.7500317096710205 0.7421321272850037
0.42661893367767334 0.15248459577560425 0.9704619646072388 0.41285574436187744
0.14199884235858917 0.14707478880882263 0.7585548758506775 0.7488733530044556
0.15178588032722473 0.153426393866539 0.7402682900428772 0.7910283207893372
0.19534489512443542 0.13889180123806 0.7106329202651978 0.7521506547927856
0.1766764223575592 0.21211358904838562 0.7258042693138123 0.7428085803985596
0.2678036093711853 0.1437307745218277 0.9143273234367371 0.4166271388530731
0.15118566155433655 0.6153428554534912 0.28909891843795776 0.9019110202789307
0.15157829225063324 0.6369622349739075 0.2914983034133911 0.9129445552825928
0.1645127385854721 0.6411798000335693 0.3034389615058899 0.9078508019447327
0.16731570661067963 0.6111273169517517 0.3002985715866089 0.9048678278923035
bench:
0.3867540955543518 0.15939338505268097 0.9441379904747009 0.41689860820770264
0.14199884235858917 0.14707478880882263 0.7585548758506775 0.7488733530044556
0.37030431628227234 0.17721319198608398 0.9397996068000793 0.4504815340042114
0.15178588032722473 0.153426393866539 0.7402682900428772 0.7910283207893372
0.19534489512443542 0.13889180123806 0.7106329202651978 0.7521506547927856
0.42661893367767334 0.15248459577560425 0.9704619646072388 0.41285574436187744
0.184208944439888 0.131791889667511 0.8087166547775269 0.7512792348861694
0.1766764223575592 0.21211358904838562 0.7258042693138123 0.7428085803985596
0.15118566155433655 0.6153428554534912 0.28909891843795776 0.9019110202789307
0.17416316270828247 0.15944704413414001 0.8007158041000366 0.7781489491462708
0.21782658994197845 0.1523171067237854 0.7500317096710205 0.7421321272850037
0.1645127385854721 0.6411798000335693 0.3034389615058899 0.9078508019447327
0.2678036093711853 0.1437307745218277 0.9143273234367371 0.4166271388530731
0.20258022844791412 0.2075580656528473 0.7541937232017517 0.740082859992981
0.16731570661067963 0.6111273169517517 0.3002985715866089 0.9048678278923035
0.15157829225063324 0.6369622349739075 0.2914983034133911 0.9129445552825928
bird:
0.20258022844791412 0.2075580656528473 0.7541937232017517 0.740082859992981
0.15118566155433655 0.6153428554534912 0.28909891843795776 0.9019110202789307
0.21782658994197845 0.1523171067237854 0.7500317096710205 0.7421321272850037
0.1766764223575592 0.21211358904838562 0.7258042693138123 0.7428085803985596
0.19534489512443542 0.13889180123806 0.7106329202651978 0.7521506547927856
0.16731570661067963 0.6111273169517517 0.3002985715866089 0.9048678278923035
0.17416316270828247 0.15944704413414001 0.8007158041000366 0.7781489491462708
0.15157829225063324 0.6369622349739075 0.2914983034133911 0.9129445552825928
0.1645127385854721 0.6411798000335693 0.3034389615058899 0.9078508019447327
0.15178588032722473 0.153426393866539 0.7402682900428772 0.7910283207893372
0.3867540955543518 0.15939338505268097 0.9441379904747009 0.41689860820770264
0.184208944439888 0.131791889667511 0.8087166547775269 0.7512792348861694
0.14199884235858917 0.14707478880882263 0.7585548758506775 0.7488733530044556
0.37030431628227234 0.17721319198608398 0.9397996068000793 0.4504815340042114
0.2678036093711853 0.1437307745218277 0.9143273234367371 0.4166271388530731
0.42661893367767334 0.15248459577560425 0.9704619646072388 0.41285574436187744
cat:
0.15118566155433655 0.6153428554534912 0.28909891843795776 0.9019110202789307
0.16731570661067963 0.6111273169517517 0.3002985715866089 0.9048678278923035
0.20258022844791412 0.2075580656528473 0.7541937232017517 0.740082859992981
0.17416316270828247 0.15944704413414001 0.8007158041000366 0.7781489491462708
0.1645127385854721 0.6411798000335693 0.3034389615058899 0.9078508019447327
0.15157829225063324 0.6369622349739075 0.2914983034133911 0.9129445552825928
0.15178588032722473 0.153426393866539 0.7402682900428772 0.7910283207893372
0.1766764223575592 0.21211358904838562 0.7258042693138123 0.7428085803985596
0.14199884235858917 0.14707478880882263 0.7585548758506775 0.7488733530044556
0.19534489512443542 0.13889180123806 0.7106329202651978 0.7521506547927856
0.21782658994197845 0.1523171067237854 0.7500317096710205 0.7421321272850037
0.184208944439888 0.131791889667511 0.8087166547775269 0.7512792348861694
0.3867540955543518 0.15939338505268097 0.9441379904747009 0.41689860820770264
0.37030431628227234 0.17721319198608398 0.9397996068000793 0.4504815340042114
0.42661893367767334 0.15248459577560425 0.9704619646072388 0.41285574436187744
0.2678036093711853 0.1437307745218277 0.9143273234367371 0.4166271388530731
dog:
0.17416316270828247 0.15944704413414001 0.8007158041000366 0.7781489491462708
0.15178588032722473 0.153426393866539 0.7402682900428772 0.7910283207893372
0.15118566155433655 0.6153428554534912 0.28909891843795776 0.9019110202789307
0.1766764223575592 0.21211358904838562 0.7258042693138123 0.7428085803985596
0.20258022844791412 0.2075580656528473 0.7541937232017517 0.740082859992981
0.14199884235858917 0.14707478880882263 0.7585548758506775 0.7488733530044556
0.16731570661067963 0.6111273169517517 0.3002985715866089 0.9048678278923035
0.15157829225063324 0.6369622349739075 0.2914983034133911 0.9129445552825928
0.19534489512443542 0.13889180123806 0.7106329202651978 0.7521506547927856
0.1645127385854721 0.6411798000335693 0.3034389615058899 0.9078508019447327
0.184208944439888 0.131791889667511 0.8087166547775269 0.7512792348861694
0.21782658994197845 0.1523171067237854 0.7500317096710205 0.7421321272850037
0.2678036093711853 0.1437307745218277 0.9143273234367371 0.4166271388530731
0.37030431628227234 0.17721319198608398 0.9397996068000793 0.4504815340042114
0.42661893367767334 0.15248459577560425 0.9704619646072388 0.41285574436187744
0.3867540955543518 0.15939338505268097 0.9441379904747009 0.41689860820770264
horse:
0.20258022844791412 0.2075580656528473 0.7541937232017517 0.740082859992981
0.17416316270828247 0.15944704413414001 0.8007158041000366 0.7781489491462708
0.21782658994197845 0.1523171067237854 0.7500317096710205 0.7421321272850037
0.19534489512443542 0.13889180123806 0.7106329202651978 0.7521506547927856
0.3867540955543518 0.15939338505268097 0.9441379904747009 0.41689860820770264
0.15178588032722473 0.153426393866539 0.7402682900428772 0.7910283207893372
0.1766764223575592 0.21211358904838562 0.7258042693138123 0.7428085803985596
0.14199884235858917 0.14707478880882263 0.7585548758506775 0.7488733530044556
0.184208944439888 0.131791889667511 0.8087166547775269 0.7512792348861694
0.42661893367767334 0.15248459577560425 0.9704619646072388 0.41285574436187744
0.37030431628227234 0.17721319198608398 0.9397996068000793 0.4504815340042114
0.15118566155433655 0.6153428554534912 0.28909891843795776 0.9019110202789307
0.16731570661067963 0.6111273169517517 0.3002985715866089 0.9048678278923035
0.2678036093711853 0.1437307745218277 0.9143273234367371 0.4166271388530731
0.1645127385854721 0.6411798000335693 0.3034389615058899 0.9078508019447327
0.15157829225063324 0.6369622349739075 0.2914983034133911 0.9129445552825928
sheep:
0.20258022844791412 0.2075580656528473 0.7541937232017517 0.740082859992981
0.17416316270828247 0.15944704413414001 0.8007158041000366 0.7781489491462708
0.21782658994197845 0.1523171067237854 0.7500317096710205 0.7421321272850037
0.15178588032722473 0.153426393866539 0.7402682900428772 0.7910283207893372
0.1766764223575592 0.21211358904838562 0.7258042693138123 0.7428085803985596
0.184208944439888 0.131791889667511 0.8087166547775269 0.7512792348861694
0.19534489512443542 0.13889180123806 0.7106329202651978 0.7521506547927856
0.14199884235858917 0.14707478880882263 0.7585548758506775 0.7488733530044556
0.1645127385854721 0.6411798000335693 0.3034389615058899 0.9078508019447327
0.16731570661067963 0.6111273169517517 0.3002985715866089 0.9048678278923035
0.3867540955543518 0.15939338505268097 0.9441379904747009 0.41689860820770264
0.15118566155433655 0.6153428554534912 0.28909891843795776 0.9019110202789307
0.37030431628227234 0.17721319198608398 0.9397996068000793 0.4504815340042114
0.2678036093711853 0.1437307745218277 0.9143273234367371 0.4166271388530731
0.15157829225063324 0.6369622349739075 0.2914983034133911 0.9129445552825928
0.42661893367767334 0.15248459577560425 0.9704619646072388 0.41285574436187744
cow:
0.20258022844791412 0.2075580656528473 0.7541937232017517 0.740082859992981
0.17416316270828247 0.15944704413414001 0.8007158041000366 0.7781489491462708
0.21782658994197845 0.1523171067237854 0.7500317096710205 0.7421321272850037
0.184208944439888 0.131791889667511 0.8087166547775269 0.7512792348861694
0.15178588032722473 0.153426393866539 0.7402682900428772 0.7910283207893372
0.1766764223575592 0.21211358904838562 0.7258042693138123 0.7428085803985596
0.14199884235858917 0.14707478880882263 0.7585548758506775 0.7488733530044556
0.19534489512443542 0.13889180123806 0.7106329202651978 0.7521506547927856
0.3867540955543518 0.15939338505268097 0.9441379904747009 0.41689860820770264
0.37030431628227234 0.17721319198608398 0.9397996068000793 0.4504815340042114
0.2678036093711853 0.1437307745218277 0.9143273234367371 0.4166271388530731
0.15118566155433655 0.6153428554534912 0.28909891843795776 0.9019110202789307
0.16731570661067963 0.6111273169517517 0.3002985715866089 0.9048678278923035
0.1645127385854721 0.6411798000335693 0.3034389615058899 0.9078508019447327
0.42661893367767334 0.15248459577560425 0.9704619646072388 0.41285574436187744
0.15157829225063324 0.6369622349739075 0.2914983034133911 0.9129445552825928
elephant:
0.20258022844791412 0.2075580656528473 0.7541937232017517 0.740082859992981
0.17416316270828247 0.15944704413414001 0.8007158041000366 0.7781489491462708
0.21782658994197845 0.1523171067237854 0.7500317096710205 0.7421321272850037
0.15178588032722473 0.153426393866539 0.7402682900428772 0.7910283207893372
0.184208944439888 0.131791889667511 0.8087166547775269 0.7512792348861694
0.1766764223575592 0.21211358904838562 0.7258042693138123 0.7428085803985596
0.14199884235858917 0.14707478880882263 0.7585548758506775 0.7488733530044556
0.19534489512443542 0.13889180123806 0.7106329202651978 0.7521506547927856
0.3867540955543518 0.15939338505268097 0.9441379904747009 0.41689860820770264
0.37030431628227234 0.17721319198608398 0.9397996068000793 0.4504815340042114
0.2678036093711853 0.1437307745218277 0.9143273234367371 0.4166271388530731
0.42661893367767334 0.15248459577560425 0.9704619646072388 0.41285574436187744
0.15118566155433655 0.6153428554534912 0.28909891843795776 0.9019110202789307
0.15157829225063324 0.6369622349739075 0.2914983034133911 0.9129445552825928
0.1645127385854721 0.6411798000335693 0.3034389615058899 0.9078508019447327
0.16731570661067963 0.6111273169517517 0.3002985715866089 0.9048678278923035
bear:
0.17416316270828247 0.15944704413414001 0.8007158041000366 0.7781489491462708
0.20258022844791412 0.2075580656528473 0.7541937232017517 0.740082859992981
0.184208944439888 0.131791889667511 0.8087166547775269 0.7512792348861694
0.15178588032722473 0.153426393866539 0.7402682900428772 0.7910283207893372
0.21782658994197845 0.1523171067237854 0.7500317096710205 0.7421321272850037
0.14199884235858917 0.14707478880882263 0.7585548758506775 0.7488733530044556
0.1766764223575592 0.21211358904838562 0.7258042693138123 0.7428085803985596
0.19534489512443542 0.13889180123806 0.7106329202651978 0.7521506547927856
0.3867540955543518 0.15939338505268097 0.9441379904747009 0.41689860820770264
0.15118566155433655 0.6153428554534912 0.28909891843795776 0.9019110202789307
0.37030431628227234 0.17721319198608398 0.9397996068000793 0.4504815340042114
0.1645127385854721 0.6411798000335693 0.3034389615058899 0.9078508019447327
0.16731570661067963 0.6111273169517517 0.3002985715866089 0.9048678278923035
0.15157829225063324 0.6369622349739075 0.2914983034133911 0.9129445552825928
0.2678036093711853 0.1437307745218277 0.9143273234367371 0.4166271388530731
0.42661893367767334 0.15248459577560425 0.9704619646072388 0.41285574436187744
zebra:
0.3867540955543518 0.15939338505268097 0.9441379904747009 0.41689860820770264
0.20258022844791412 0.2075580656528473 0.7541937232017517 0.740082859992981
0.21782658994197845 0.1523171067237854 0.7500317096710205 0.7421321272850037
0.17416316270828247 0.15944704413414001 0.8007158041000366 0.7781489491462708
0.184208944439888 0.131791889667511 0.8087166547775269 0.7512792348861694
0.37030431628227234 0.17721319198608398 0.9397996068000793 0.4504815340042114
0.19534489512443542 0.13889180123806 0.7106329202651978 0.7521506547927856
0.1766764223575592 0.21211358904838562 0.7258042693138123 0.7428085803985596
0.15178588032722473 0.153426393866539 0.7402682900428772 0.7910283207893372
0.42661893367767334 0.15248459577560425 0.9704619646072388 0.41285574436187744
0.14199884235858917 0.14707478880882263 0.7585548758506775 0.7488733530044556
0.2678036093711853 0.1437307745218277 0.9143273234367371 0.4166271388530731
0.15118566155433655 0.6153428554534912 0.28909891843795776 0.9019110202789307
0.16731570661067963 0.6111273169517517 0.3002985715866089 0.9048678278923035
0.1645127385854721 0.6411798000335693 0.3034389615058899 0.9078508019447327
0.15157829225063324 0.6369622349739075 0.2914983034133911 0.9129445552825928
giraffe:
0.17416316270828247 0.15944704413414001 0.8007158041000366 0.7781489491462708
0.20258022844791412 0.2075580656528473 0.7541937232017517 0.740082859992981
0.184208944439888 0.131791889667511 0.8087166547775269 0.7512792348861694
0.3867540955543518 0.15939338505268097 0.9441379904747009 0.41689860820770264
0.21782658994197845 0.1523171067237854 0.7500317096710205 0.7421321272850037
0.14199884235858917 0.14707478880882263 0.7585548758506775 0.7488733530044556
0.19534489512443542 0.13889180123806 0.7106329202651978 0.7521506547927856
0.15178588032722473 0.153426393866539 0.7402682900428772 0.7910283207893372
0.15118566155433655 0.6153428554534912 0.28909891843795776 0.9019110202789307
0.1766764223575592 0.21211358904838562 0.7258042693138123 0.7428085803985596
0.37030431628227234 0.17721319198608398 0.9397996068000793 0.4504815340042114
0.15157829225063324 0.6369622349739075 0.2914983034133911 0.9129445552825928
0.42661893367767334 0.15248459577560425 0.9704619646072388 0.41285574436187744
0.16731570661067963 0.6111273169517517 0.3002985715866089 0.9048678278923035
0.1645127385854721 0.6411798000335693 0.3034389615058899 0.9078508019447327
0.2678036093711853 0.1437307745218277 0.9143273234367371 0.4166271388530731
backpack:
0.17416316270828247 0.15944704413414001 0.8007158041000366 0.7781489491462708
0.15178588032722473 0.153426393866539 0.7402682900428772 0.7910283207893372
0.14199884235858917 0.14707478880882263 0.7585548758506775 0.7488733530044556
0.20258022844791412 0.2075580656528473 0.7541937232017517 0.740082859992981
0.15118566155433655 0.6153428554534912 0.28909891843795776 0.9019110202789307
0.3867540955543518 0.15939338505268097 0.9441379904747009 0.41689860820770264
0.184208944439888 0.131791889667511 0.8087166547775269 0.7512792348861694
0.1766764223575592 0.21211358904838562 0.7258042693138123 0.7428085803985596
0.19534489512443542 0.13889180123806 0.7106329202651978 0.7521506547927856
0.21782658994197845 0.1523171067237854 0.7500317096710205 0.7421321272850037
0.15157829225063324 0.6369622349739075 0.2914983034133911 0.9129445552825928
0.42661893367767334 0.15248459577560425 0.9704619646072388 0.41285574436187744
0.16731570661067963 0.6111273169517517 0.3002985715866089 0.9048678278923035
0.1645127385854721 0.6411798000335693 0.3034389615058899 0.9078508019447327
0.37030431628227234 0.17721319198608398 0.9397996068000793 0.4504815340042114
0.2678036093711853 0.1437307745218277 0.9143273234367371 0.4166271388530731
umbrella:
0.3867540955543518 0.15939338505268097 0.9441379904747009 0.41689860820770264
0.37030431628227234 0.17721319198608398 0.9397996068000793 0.4504815340042114
0.15118566155433655 0.6153428554534912 0.28909891843795776 0.9019110202789307
0.16731570661067963 0.6111273169517517 0.3002985715866089 0.9048678278923035
0.42661893367767334 0.15248459577560425 0.9704619646072388 0.41285574436187744
0.17416316270828247 0.15944704413414001 0.8007158041000366 0.7781489491462708
0.1645127385854721 0.6411798000335693 0.3034389615058899 0.9078508019447327
0.14199884235858917 0.14707478880882263 0.7585548758506775 0.7488733530044556
0.20258022844791412 0.2075580656528473 0.7541937232017517 0.740082859992981
0.2678036093711853 0.1437307745218277 0.9143273234367371 0.4166271388530731
0.184208944439888 0.131791889667511 0.8087166547775269 0.7512792348861694
0.15178588032722473 0.153426393866539 0.7402682900428772 0.7910283207893372
0.15157829225063324 0.6369622349739075 0.2914983034133911 0.9129445552825928
0.19534489512443542 0.13889180123806 0.7106329202651978 0.7521506547927856
0.21782658994197845 0.1523171067237854 0.7500317096710205 0.7421321272850037
0.1766764223575592 0.21211358904838562 0.7258042693138123 0.7428085803985596
handbag:
0.3867540955543518 0.15939338505268097 0.9441379904747009 0.41689860820770264
0.17416316270828247 0.15944704413414001 0.8007158041000366 0.7781489491462708
0.184208944439888 0.131791889667511 0.8087166547775269 0.7512792348861694
0.14199884235858917 0.14707478880882263 0.7585548758506775 0.7488733530044556
0.20258022844791412 0.2075580656528473 0.7541937232017517 0.740082859992981
0.15178588032722473 0.153426393866539 0.7402682900428772 0.7910283207893372
0.37030431628227234 0.17721319198608398 0.9397996068000793 0.4504815340042114
0.21782658994197845 0.1523171067237854 0.7500317096710205 0.7421321272850037
0.19534489512443542 0.13889180123806 0.7106329202651978 0.7521506547927856
0.2678036093711853 0.1437307745218277 0.9143273234367371 0.4166271388530731
0.42661893367767334 0.15248459577560425 0.9704619646072388 0.41285574436187744
0.1766764223575592 0.21211358904838562 0.7258042693138123 0.7428085803985596
0.15118566155433655 0.6153428554534912 0.28909891843795776 0.9019110202789307
0.16731570661067963 0.6111273169517517 0.3002985715866089 0.9048678278923035
0.15157829225063324 0.6369622349739075 0.2914983034133911 0.9129445552825928
0.1645127385854721 0.6411798000335693 0.3034389615058899 0.9078508019447327
tie:
0.20258022844791412 0.2075580656528473 0.7541937232017517 0.740082859992981
0.21782658994197845 0.1523171067237854 0.7500317096710205 0.7421321272850037
0.17416316270828247 0.15944704413414001 0.8007158041000366 0.7781489491462708
0.19534489512443542 0.13889180123806 0.7106329202651978 0.7521506547927856
0.3867540955543518 0.15939338505268097 0.9441379904747009 0.41689860820770264
0.1766764223575592 0.21211358904838562 0.7258042693138123 0.7428085803985596
0.184208944439888 0.131791889667511 0.8087166547775269 0.7512792348861694
0.15178588032722473 0.153426393866539 0.7402682900428772 0.7910283207893372
0.14199884235858917 0.14707478880882263 0.7585548758506775 0.7488733530044556
0.15118566155433655 0.6153428554534912 0.28909891843795776 0.9019110202789307
0.37030431628227234 0.17721319198608398 0.9397996068000793 0.4504815340042114
0.15157829225063324 0.6369622349739075 0.2914983034133911 0.9129445552825928
0.2678036093711853 0.1437307745218277 0.9143273234367371 0.4166271388530731
0.42661893367767334 0.15248459577560425 0.9704619646072388 0.41285574436187744
0.16731570661067963 0.6111273169517517 0.3002985715866089 0.9048678278923035
0.1645127385854721 0.6411798000335693 0.3034389615058899 0.9078508019447327
suitcase:
0.3867540955543518 0.15939338505268097 0.9441379904747009 0.41689860820770264
0.42661893367767334 0.15248459577560425 0.9704619646072388 0.41285574436187744
0.14199884235858917 0.14707478880882263 0.7585548758506775 0.7488733530044556
0.37030431628227234 0.17721319198608398 0.9397996068000793 0.4504815340042114
0.17416316270828247 0.15944704413414001 0.8007158041000366 0.7781489491462708
0.15178588032722473 0.153426393866539 0.7402682900428772 0.7910283207893372
0.15118566155433655 0.6153428554534912 0.28909891843795776 0.9019110202789307
0.184208944439888 0.131791889667511 0.8087166547775269 0.7512792348861694
0.15157829225063324 0.6369622349739075 0.2914983034133911 0.9129445552825928
0.1645127385854721 0.6411798000335693 0.3034389615058899 0.9078508019447327
0.2678036093711853 0.1437307745218277 0.9143273234367371 0.4166271388530731
0.16731570661067963 0.6111273169517517 0.3002985715866089 0.9048678278923035
0.19534489512443542 0.13889180123806 0.7106329202651978 0.7521506547927856
0.20258022844791412 0.2075580656528473 0.7541937232017517 0.740082859992981
0.1766764223575592 0.21211358904838562 0.7258042693138123 0.7428085803985596
0.21782658994197845 0.1523171067237854 0.7500317096710205 0.7421321272850037
frisbee:
0.3867540955543518 0.15939338505268097 0.9441379904747009 0.41689860820770264
0.17416316270828247 0.15944704413414001 0.8007158041000366 0.7781489491462708
0.15178588032722473 0.153426393866539 0.7402682900428772 0.7910283207893372
0.20258022844791412 0.2075580656528473 0.7541937232017517 0.740082859992981
0.14199884235858917 0.14707478880882263 0.7585548758506775 0.7488733530044556
0.37030431628227234 0.17721319198608398 0.9397996068000793 0.4504815340042114
0.184208944439888 0.131791889667511 0.8087166547775269 0.7512792348861694
0.19534489512443542 0.13889180123806 0.7106329202651978 0.7521506547927856
0.1766764223575592 0.21211358904838562 0.7258042693138123 0.7428085803985596
0.42661893367767334 0.15248459577560425 0.9704619646072388 0.41285574436187744
0.21782658994197845 0.1523171067237854 0.7500317096710205 0.7421321272850037
0.15118566155433655 0.6153428554534912 0.28909891843795776 0.9019110202789307
0.2678036093711853 0.1437307745218277 0.9143273234367371 0.4166271388530731
0.16731570661067963 0.6111273169517517 0.3002985715866089 0.9048678278923035
0.1645127385854721 0.6411798000335693 0.3034389615058899 0.9078508019447327
0.15157829225063324 0.6369622349739075 0.2914983034133911 0.9129445552825928
skis:
0.3867540955543518 0.15939338505268097 0.9441379904747009 0.41689860820770264
0.15118566155433655 0.6153428554534912 0.28909891843795776 0.9019110202789307
0.15157829225063324 0.6369622349739075 0.2914983034133911 0.9129445552825928
0.42661893367767334 0.15248459577560425 0.9704619646072388 0.41285574436187744
0.37030431628227234 0.17721319198608398 0.9397996068000793 0.4504815340042114
0.17416316270828247 0.15944704413414001 0.8007158041000366 0.7781489491462708
0.15178588032722473 0.153426393866539 0.7402682900428772 0.7910283207893372
0.1645127385854721 0.6411798000335693 0.3034389615058899 0.9078508019447327
0.14199884235858917 0.14707478880882263 0.7585548758506775 0.7488733530044556
0.20258022844791412 0.2075580656528473 0.7541937232017517 0.740082859992981
0.19534489512443542 0.13889180123806 0.7106329202651978 0.7521506547927856
0.1766764223575592 0.21211358904838562 0.7258042693138123 0.7428085803985596
0.16731570661067963 0.6111273169517517 0.3002985715866089 0.9048678278923035
0.184208944439888 0.131791889667511 0.8087166547775269 0.7512792348861694
0.21782658994197845 0.1523171067237854 0.7500317096710205 0.7421321272850037
0.2678036093711853 0.1437307745218277 0.9143273234367371 0.4166271388530731
snowboard:
0.17416316270828247 0.15944704413414001 0.8007158041000366 0.7781489491462708
0.3867540955543518 0.15939338505268097 0.9441379904747009 0.41689860820770264
0.20258022844791412 0.2075580656528473 0.7541937232017517 0.740082859992981
0.15178588032722473 0.153426393866539 0.7402682900428772 0.7910283207893372
0.14199884235858917 0.14707478880882263 0.7585548758506775 0.7488733530044556
0.21782658994197845 0.1523171067237854 0.7500317096710205 0.7421321272850037
0.184208944439888 0.131791889667511 0.8087166547775269 0.7512792348861694
0.19534489512443542 0.13889180123806 0.7106329202651978 0.7521506547927856
0.1766764223575592 0.21211358904838562 0.7258042693138123 0.7428085803985596
0.37030431628227234 0.17721319198608398 0.9397996068000793 0.4504815340042114
0.42661893367767334 0.15248459577560425 0.9704619646072388 0.41285574436187744
0.2678036093711853 0.1437307745218277 0.9143273234367371 0.4166271388530731
0.15118566155433655 0.6153428554534912 0.28909891843795776 0.9019110202789307
0.15157829225063324 0.6369622349739075 0.2914983034133911 0.9129445552825928
0.1645127385854721 0.6411798000335693 0.3034389615058899 0.9078508019447327
0.16731570661067963 0.6111273169517517 0.3002985715866089 0.9048678278923035
sports ball:
0.3867540955543518 0.15939338505268097 0.9441379904747009 0.41689860820770264
0.20258022844791412 0.2075580656528473 0.7541937232017517 0.740082859992981
0.19534489512443542 0.13889180123806 0.7106329202651978 0.7521506547927856
0.1766764223575592 0.21211358904838562 0.7258042693138123 0.7428085803985596
